0.0 0.0000000000000
1.0 -0.0008333277992
2.0 -0.0033332447872
3.0 -0.0074995517350
4.0 -0.0133319165947
5.0 -0.0208298744993
6.0 -0.0299928277630
7.0 -0.0408200458814
8.0 -0.0533106655322
9.0 -0.0674636905751
10.0 -0.0832779920525
11.0 -0.1007523081902
12.0 -0.1198852443976
13.0 -0.1406752732686
14.0 -0.1631207345823
15.0 -0.1872198353034
16.0 -0.2129706495838
17.0 -0.2403711187627
18.0 -0.2694190513678
19.0 -0.3001121231165
20.0 -0.3324478769170
21.0 -0.3664237228689
22.0 -0.4020369382649
23.0 -0.4392846675920
24.0 -0.4781639225327
25.0 -0.5186715819662
26.0 -0.5608043919703
27.0 -0.6045589658223
28.0 -0.6499317840012
29.0 -0.6969191941887
30.0 -0.7455174112713
31.0 -0.7957225173419
32.0 -0.8475304617015
33.0 -0.9009370608613
34.0 -0.9559379985443
35.0 -1.0125288256876
36.0 -1.0707049604441
37.0 -1.1304616881849
38.0 -1.1917941615013
39.0 -1.2546974002070
40.0 -1.3191662913405
41.0 -1.3851955891673
42.0 -1.4527799151824
43.0 -1.5219137581128
44.0 -1.5925914739197
45.0 -1.6648072858014
46.0 -1.7385552841960
47.0 -1.8138294267837
48.0 -1.8906235384900
49.0 -1.9689313114880
50.0 -2.0487463052018
51.0 -2.1300619463093
52.0 -2.2128715287447
53.0 -2.2971682137022
54.0 -2.3829450296390
55.0 -2.4701948722778
56.0 -2.5589105046111
57.0 -2.6490845569034
58.0 -2.7407095266954
59.0 -2.8337777788070
60.0 -2.9282815453406
61.0 -3.0242129256850
62.0 -3.1215638865187
63.0 -3.2203262618137
64.0 -3.3204917528391
65.0 -3.4220519281647
66.0 -3.5249982236651
67.0 -3.6293219425235
68.0 -3.7350142552353
69.0 -3.8420661996124
70.0 -3.9504686807871
71.0 -4.0602124712164
72.0 -4.1712882106858
73.0 -4.2836864063136
74.0 -4.3973974325553
75.0 -4.5124115312081
76.0 -4.6287188114145
77.0 -4.7463092496676
78.0 -4.8651726898151
79.0 -4.9852988430639
80.0 -5.1066772879849
81.0 -5.2292974705173
82.0 -5.3531487039737
83.0 -5.4782201690444
84.0 -5.6045009138026
85.0 -5.7319798537093
86.0 -5.8606457716177
87.0 -5.9904873177788
88.0 -6.1214930098462
89.0 -6.2536512328809
90.0 -6.3869502393569
91.0 -6.5213781491662
92.0 -6.6569229496239
93.0 -6.7935724954737
94.0 -6.9313145088933
95.0 -7.0701365794995
96.0 -7.2100261643540
97.0 -7.3509705879688
98.0 -7.4929570423116
99.0 -7.6359725868118
100.0 -7.7800041483658
101.0 -7.9250385213428
102.0 -8.0710623675908
103.0 -8.2180622164421
104.0 -8.3660244647194
105.0 -8.5149353767419
106.0 -8.6647810843308
107.0 -8.8155475868157
108.0 -8.9672207510406
109.0 -9.1197863113699
110.0 -9.2732298696950
111.0 -9.4275368954400
112.0 -9.5826927255683
113.0 -9.7386825645889
114.0 -9.8954914845628
115.0 -10.0531044251094
116.0 -10.2115061934128
117.0 -10.3706814642289
118.0 -10.5306147798913
119.0 -10.6912905503183
120.0 -10.8526930530197
121.0 -11.0148064331033
122.0 -11.1776147032816
123.0 -11.3411017438789
